VERSION:              0.1
MEDIUM-NAME:          AdiposeTissueIcrp
MASS-DENSITY:         0.92
NUMBER-OF-ELEMENTS:   13
ATOMIC-NUMBER:        1			6		7		8			11		12		15		16		17		19		20		26		30
ATOMIC-MASS:          1.008 	12.011 	14.007 	15.999 		22.989	24.305 	30.974 	32.060 	35.45	39.09	40.078	55.845	65.38
PROPORTIONS:          0.119477	0.63724	0.00797	0.232333	0.0005	0.00002	0.00016	0.00073	0.00119	0.00032	0.00002	0.00002	0.00002
PROPORTIONS-BY-MASS:  yes
