VERSION:              0.1
MEDIUM-NAME:          Phantom_CIRS_PlasticWater_2015
MASS-DENSITY:         1.030
NUMBER-OF-ELEMENTS:   6
ATOMIC-NUMBER:        1         6         7         8         17        20
ATOMIC-MASS:          1.008     12.011    14.007    15.999    35.453    40.078
PROPORTIONS:          0.07794   0.59850   0.01781   0.23582   0.00230   0.06763
PROPORTIONS-BY-MASS:  yes
