VERSION:              0.1
MEDIUM-NAME:          Gammex_SolidWater457
MASS-DENSITY:         1.046
NUMBER-OF-ELEMENTS:   6
ATOMIC-NUMBER:        1         6         7         8         17        20
ATOMIC-MASS:          1.008     12.011    14.007    15.999    35.453    40.078
PROPORTIONS:          0.08018   0.67216   0.02410   0.19906   0.00140   0.02310
PROPORTIONS-BY-MASS:  yes
