VERSION:              0.1
MEDIUM-NAME:          MuscleSkeletalIcrp
MASS-DENSITY:         1.04
NUMBER-OF-ELEMENTS:   13
ATOMIC-NUMBER:        1			6		7		8			11		12		15		16		17		19		20		26		30
ATOMIC-MASS:          1.008 	12.011 	14.007 	15.999 		22.989	24.305 	30.974 	32.060 	35.45	39.09	40.078	55.845	65.38
PROPORTIONS:          0.100637	0.10783	0.02768	0.754773	0.00075	0.00019	0.0018	0.00241	0.00079	0.00302	0.00003	0.00004	0.00005
PROPORTIONS-BY-MASS:  yes
