VERSION:                0.1
MEDIUM-NAME:            PPS_AnteriorCoil_1060372-DW-G
MASS-DENSITY:           0.09000
NUMBER-OF-ELEMENTS:     5
ATOMIC-NUMBER:          1          6          7          8          29          
ATOMIC-MASS:            1.00866    12.0107    14.0067    15.9994    63.546    
PROPORTIONS:            0.10210    0.71313    0.04384    0.03878    0.10215    
PROPORTIONS-BY-MASS:    yes
