VERSION:                0.1
MEDIUM-NAME:            PPS_GRP_Foam_1060372-DW-G_Zone9
MASS-DENSITY:           0.46927
NUMBER-OF-ELEMENTS:     10
ATOMIC-NUMBER:          1          5          6          7          8          12          13          14          17          20          
ATOMIC-MASS:            1.00794    10.81100    12.01070    14.00670    15.99940    24.30500    26.98154    28.08550    35.45300    40.07800    
PROPORTIONS:            0.03383    0.00990    0.32464    0.00618    0.34943    0.00961    0.03936    0.13658    0.00694    0.08353    
PROPORTIONS-BY-MASS:    yes
