VERSION:              0.1
MEDIUM-NAME:          StainlessSteel316
MASS-DENSITY:         7.99
NUMBER-OF-ELEMENTS:   10
ATOMIC-NUMBER:        6			7		14		15		16		24		25		26		28		42
ATOMIC-MASS:          12.011 	14.007	28.086	30.974	32.065	51.996	54.94	55.845	58.693	95.95
PROPORTIONS:          0.0008	0.001	0.0075	0.00045	0.0003	0.17	0.02	0.65495	0.12	0.025
PROPORTIONS-BY-MASS:  yes
