VERSION:              0.1
MEDIUM-NAME:          Aluminum6061
MASS-DENSITY:         2.7
NUMBER-OF-ELEMENTS:   9
ATOMIC-NUMBER:        12		13		14		22		24		25		26		29		30		
ATOMIC-MASS:          24.305	26.982	28.086	47.867	51.996	54.938	55.845	63.546	65.38
PROPORTIONS:          0.01		0.9668	0.006	0.0015	0.00195	0.0015	0.007	0.00275	0.0025	
PROPORTIONS-BY-MASS:  yes
