VERSION:              0.1
MEDIUM-NAME:          BoneCorticalIcrp
MASS-DENSITY:         1.85
NUMBER-OF-ELEMENTS:   9
ATOMIC-NUMBER:        1     6      	7      	8      	12     	15     	16     	20		30
ATOMIC-MASS:          1.008 12.011 	14.007 	15.999 	24.305 	30.974 	32.060 	40.078	65.380
PROPORTIONS:          0.047234 0.14433 0.04199 0.446096 0.0022 0.10497 0.00315 0.20993 0.0001
PROPORTIONS-BY-MASS:  yes
