VERSION:              0.1
MEDIUM-NAME:          Lexan
MASS-DENSITY:         1.20
NUMBER-OF-ELEMENTS:   3
ATOMIC-NUMBER:        1     	6      		8      
ATOMIC-MASS:          1.008 	12.011 		15.999
PROPORTIONS:          0.055491 	0.755751  	0.188758 
PROPORTIONS-BY-MASS:  yes
