VERSION:              0.1
MEDIUM-NAME:          DryAir
MASS-DENSITY:         1.2048e-3
NUMBER-OF-ELEMENTS:   4
ATOMIC-NUMBER:        6        7        8        18
ATOMIC-MASS:          12.011   14.007   15.999   39.948
PROPORTIONS:          0.000124 0.755268 0.231781 0.012827
PROPORTIONS-BY-MASS:  yes
