VERSION:                0.1
MEDIUM-NAME:            PPS_GRP_Foam_1060372-DW-G_Zone3
MASS-DENSITY:           0.31914
NUMBER-OF-ELEMENTS:     10
ATOMIC-NUMBER:          1          5          6          7          8          12          13          14          17          20          
ATOMIC-MASS:            1.00794    10.81100    12.01070    14.00670    15.99940    24.30500    26.98154    28.08550    35.45300    40.07800    
PROPORTIONS:            0.03752    0.00908    0.34931    0.00913    0.34171    0.00882    0.03612    0.12531    0.00636    0.07664    
PROPORTIONS-BY-MASS:    yes
