VERSION:                0.1
MEDIUM-NAME:            PPS_GRP_Foam_1060372-DW-G_Zone10
MASS-DENSITY:           0.14253
NUMBER-OF-ELEMENTS:     10
ATOMIC-NUMBER:          1          5          6          7          8          12          13          14          17          20          
ATOMIC-MASS:            1.00794    10.81100    12.01070    14.00670    15.99940    24.30500    26.98154    28.08550    35.45300    40.07800    
PROPORTIONS:            0.05179    0.00592    0.44489    0.02056    0.31176    0.00575    0.02354    0.08168    0.00415    0.04996    
PROPORTIONS-BY-MASS:    yes
