VERSION:                0.1
MEDIUM-NAME:            PPS_GRP_Foam_1060372-DW-G_Zone2
MASS-DENSITY:           0.50893
NUMBER-OF-ELEMENTS:     10
ATOMIC-NUMBER:          1          5          6          7          8          12          13          14          17          20          
ATOMIC-MASS:            1.00794    10.81100    12.01070    14.00670    15.99940    24.30500    26.98154    28.08550    35.45300    40.07800    
PROPORTIONS:            0.03322    0.01003    0.32055    0.00569    0.35072    0.00974    0.03990    0.13844    0.00703    0.08467    
PROPORTIONS-BY-MASS:    yes
