VERSION:                0.1
MEDIUM-NAME:            PPS_PU_EBB
MASS-DENSITY:           0.99000
NUMBER-OF-ELEMENTS:     4
ATOMIC-NUMBER:          1          6          7          8          
ATOMIC-MASS:            1.00866    12.0107    14.0067    15.9994    
PROPORTIONS:            0.06372    0.64543    0.08855    0.20230    
PROPORTIONS-BY-MASS:    yes
