VERSION:                0.1
MEDIUM-NAME:            PPS_PosteriorCoil_1060372-DW-G
MASS-DENSITY:           0.17000
NUMBER-OF-ELEMENTS:     5
ATOMIC-NUMBER:          1          6          7          8          29          
ATOMIC-MASS:            1.00866    12.0107    14.0067    15.9994    63.546
PROPORTIONS:            0.07762    0.74755    0.01530    0.12389    0.03564    
PROPORTIONS-BY-MASS:    yes
