VERSION:                0.1
MEDIUM-NAME:            PPS_GRP_EPGC202
MASS-DENSITY:           1.94300
NUMBER-OF-ELEMENTS:     10
ATOMIC-NUMBER:          1          5          6          7          8          12         13          14         17        20          
ATOMIC-MASS:            1.00866    10.81100   12.01070   14.00670   15.9994    24.305     26.98154    28.0855    35.453    40.078    
PROPORTIONS:            0.02804    0.01118    0.28591    0.00155    0.36158    0.01085    0.04446    0.15425    0.00783    0.09434    
PROPORTIONS-BY-MASS:    yes
