VERSION:              0.1
MEDIUM-NAME:          SoftTissueIcru44
MASS-DENSITY:         1.06
NUMBER-OF-ELEMENTS:   9
ATOMIC-NUMBER:        1        6         7         8			11			15			16			17			19
ATOMIC-MASS:          1.008    12.011    14.007    15.999		22.9897		30.9738		32.065		35.453		39.0983
PROPORTIONS:          0.10200  0.14300	 0.03400   0.70800		0.00200		0.00300		0.00300		0.00200		0.00300	
PROPORTIONS-BY-MASS:  yes
